868912137
675038226
53319385
465019746
164776887
113326470
42815820
213298748
681805246
759296495
903888936
69661750
797675766
6883706
312596975
130650001
603031833
439383670
899168210
82292536
784797293
679687055
927236640
636487303
907652427
677151643
349594462
991051701
335128231
364269635
163934273
193495273
789741449
75393208
892358372
42248187
720574276
997077746
175524802
529090079
119312234
857564565
531946860
670484424
25073546
256112314
388363967
502025616
780522448
469081416
49215808
977659869
121802229
238255220
962098124
14220898
84755758
244042340
535035548
56258629
994136421
339744557
212646331
639125074
182540009
417067070
855328826
404292443
855407193
957999443
318021600
973651564
48436922
136083823
707224194
994276215
952423709
432601122
219063654
765394323
796858910
514316050
780591495
23392142
792033323
753208038
149011086
484883621
873650314
778619644
429212740
694544677
770515632
637299597
514696243
353357321
452061593
62872455
21232161
959230773
769288129
703554858
956401618
193703568
587310763
911489036
602152409
536165055
348154440
409181732
802567654
553487380
545095875
780830884
925001254
169863930
332116117
944662515
156878520
30053782
252463502
180904761
384669291
751123457
952400200
130008977
968151560
280119351
771778189
933521317
12886453
338611439
313611004
375856678
285095757
644074388
919271489
428013507
186944531
821483408
104829050
19441519
450417516
105771801
398238525
309288038
737279332
516754037
722639530
478333856
732989068
468326335
717557899
798208958
648089079
605973302
304478622
318335534
873068962
824219869
233328233
243475403
293762673
63992582
88421089
233775840
964719104
215802448
951039220
211065887
515695276
144069058
716189516
398778073
321763182
200508933
724812124
28629272
512088656
791046230
906489672
214776575
311537351
41801279
22880225
420554563
241130133
148459544
19212645
724765899
215780150
720948732
465921104
268320659
690728992
625909514
913285334
656550413
363301684
240054508
145901325
325983549
490193117
650080916
766198050
776423438
530683070
149552725
735657878
133389826
371133155
388712466
315955862
49193168
657360306
139831631
503684156
805167382
202225929
682596756
159386187
100682895
497850217
947289164
607069130
955071854
425234783
327101589
842895439
555802430
488837239
900066936
261081291
759235714
578087528
918953469
631904919
256844928
264763769
695204834
618737145
744348978
449157247
430429612
674191297
394362458
361795324
790276391
8455206
575598722
551570988
401065561
383724218
720684976
393445271
257278477
759633867
156328581
474292603
54539714
935972575
927407571
288380722
569843302
151706786
970609922
365374875
80026991
5634916
917164906
819612467
971978049
635091627
239606577
476025186
601510407
783248786
986760489
217600398
721335151
355249655
981361176
645212994
58611542
286069580
963275856
74659502
279792784
117340040
25774925
782265588
711688548
47095973
432851910
395835613
310226946
802173180
396170547
940337396
770574859
588108396
429378768
337723999
176903438
1523063
264752229
443707261
150495613
38192364
696315511
446776636
908706355
116026622
569542732
903518967
529153383
744729616
678862029
315637488
211344613
865904195
565725626
660020723
632547677
468949133
761692503
754771929
501190598
334953637
509685164
667274404
566329818
72717785
417342220
651713333
972555430
629715591
678224560
286716317
62093251
211837096
252288690
698184650
393825963
553524050
482085603
77557551
985384161
779279689
720755139
791730051
523417244
800278088
685414859
528526736
680555518
103782142
332695039
509429131
196865571
13470946
890554504
254643908
127777013
554792676
547322569
559641394
552813397
803940114
285602829
367631511
512202242
41186676
92006659
623298978
569268993
304118219
859867713
230155815
315196316
38511286
775821160
812602391
613519778
354519245
924672061
502500660
806105263
495450385
622324429
483564930
639498674
862538640
334929195
919409162
276140291
287410717
123405212
354018998
582179764
749900634
187294316
151253527
929398915
555802337
400786289
416047222
838032307
320514933
73144079
257690148
15254263
354795213
398581687
932367453
749753591
748966739
927248784
876345690
565378414
735954023
225573302
904318832
990549486
603339596
264580991
883266675
936916127
616693258
658372730
222348010
678225459
502838711
681003954
102603419
837477192
557772965
806852413
390533467
477108669
334848556
934346607
802961035
92040308
768329311
410257125
401406048
154897825
849033527
931288726
247268160
173079422
349096116
807693266
960203981
557265720
957616718
368614871
18527340
49155070
412528783
467872531
538810680
519917326
282150461
365671762
885630722
906793397
982364272
178317793
480379656
208594493
758722305
943141298
602063545
773450894
419351620
791894147
385991029
120809476
568368238
267443805
348406441
661148597
723372103
966735597
466810379
699613208
708526378
38763643
401904790
533801728
786091807
316123064
556194805
569355069
805414908
130207550
955093558
909225620
41206754
901427561
960060117
504294474
562365003
606195001
471279027
81615940
380351246
673978392
167840253
798687093
88879165
396463378
896029339
186893957
536860271
685210574
880590911
750397648
298383699
31311209
418183694
37921006
455993122
784162576
964503151
317470017
585468804
602295797
930465520
411337995
31356216
966937848
920223188
259830913
927410551
141933476
588817967
337955053
912180211
757663526
637944425
413864056
241301995
598591834
18337217
128570720
648822246
274874992
761454682
391649378
29336395
76586694
141837687
564314973
197066842
253534632
694715151
598381168
56585347
439523436
141920860
684523589
564294646
953521836
532541095
563642891
247343184
886429254
579607624
91490409
671203170
336036814
287573033
859273691
505079015
524899477
259408425
977466592
590918992
760627727
939747053
768173810
195548113
558467329
756331458
942856694
578410
790443484
808548262
63916958
177849954
45980418
572489204
298043627
279604287
306434371
428757916
648913243
297522866
25206496
971746198
213294760
742384837
640895205
726475012
535292814
602820550
27516203
115193618
950393819
211411977
555343638
182463837
254761744
200973756
557393596
255299643
576042729
746138223
454599826
77209474
567865171
525414170
9771861
657071209
720988996
959210356
822607276
195406555
400469263
353023623
221359107
871761771
601924110
972253558
294292952
579641065
988658103
582367149
911571682
790929156
764944215
401041484
135097961
204910670
992363740
533030322
541685252
968259286
509157150
381672889
632475943
492691529
203448517
751686063
70514574
426169572
828095083
744823345
223496874
902408463
413979344
584586766
633539318
739224493
984115956
766264185
842116591
610712631
646110857
885201685
982666884
110952124
545485579
474100559
104121870
673483166
327644151
773807115
690830953
939982832
609858768
851426730
322213403
290970950
909352057
854917494
222640678
57719718
711329378
613820298
590240612
289518087
154089675
338713323
968628543
480420200
429675491
983880120
878350665
312697430
260887192
943589979
265638400
367143829
355958448
35670847
673769257
306084386
696700541
765140273
376149574
921833689
225690559
444814257
704316663
791656630
453624625
887489965
972765735
258063211
264373567
318358813
517830881
91761541
815414210
843793255
49803885
602419719
436428401
619939153
270133941
193337907
587622059
135378494
752160035
885404439
215773123
422705422
472572334
827206280
595757997
4616684
422866439
630678797
255687652
61098024
841559276
492859925
196398061
953314097
161342618
193014825
152946179
993246453
904280252
81685323
110865738
146691660
557538829
765440109
251403457
955081610
471047788
147632777
882390790
609630294
372666079
474582266
769933637
516188386
912493074
956946222
597393819
22360287
177178117
820106899
536682029
496419253
1495791
133765880
858010193
233356474
15438344
987098586
378736775
523912562
324414575
939591962
861996961
600950640
553367684
864452105
248888330
10346675
267485200
340999581
796835689
219481796
398709383
250974594
424563819
262061243
960474916
775064405
478029549
946500409
995884253
219840911
52993724
668794189
406085741
203999287
694350572
855046318
576997376
249985604
552669573
112344617
781165997
846716548
751679927
268616856
608574350
266823522
990462052
255820759
441709973
217909629
55981890
12625520
752684914
874608060
329561090
899071276
241394406
4485870
982044891
378718334
747798678
608314338
562450850
305528
409371872
915537947
633216455
19299247
802347643
641109592
851096488
784356129
449301107
824092306
842433516
586453360
632567444
791896442
17631964
732341804
656605194
916114770
450561206
156640805
924496596
22834366
918738970
481533923
823976171
654616861
508348877
36029534
721066915
89500019
496339781
280957344
993582570
861372022
167635585
96507577
772305539
363493687
716881836
373900471
679281260
704127595
243381080
120098914
898641940
949673423
361800617
940023460
912538010
237507381
953633033
391358229
300834539
732138516
358999461
329541405
323145658
906347391
120905323
804391281
441159076
143906612
385802926
763949204
68570507
212276899
961664459
577351802
11226955
105556015
926249586
710473465
426882808
981932376
480984419
55869850
794417164
403437595
357628765
616434344
664201331
470262098
655339977
83123739
222826737
56317260
898126937
32581883
450213101
646432929
338400111
298318003
856836856
116050348
90063319
941293306
735938848
811795221
359140771
102962646
493843626
342186068
996783903
995006147
483828552
994588591
143302031
811309435
111469642
278441886
51270936
907136617
720246377
700891949
922484832
348643456
563845854
356632191
954169663
651418756
587697380
279908967
249008970
402631537
356766809
977386150
211418583
482542185
581048960
414885802
27686125
751308165
825126703
176409621
82961663
892244520
681452163
522260857
830484151
527874099
550155575
14763178
89332862
227529550
222304551
257112308
406451709
604598829
440675649
845287132
986992177
817136316
347094725
364992532
143103547
160994235
294381384
544737461
2374106
171984644
19783544
128748776
284774130
847227192
141886955
586621312
329305686
868908651
397246826
122008348
729462529
929682379
454254519
638454623
579198255
558209753
821443518
725602124
94569216
262072052
375692405
204447233
864556090
644529446
780348883
317216406
744585927
82343381
622301268
289664652
602742097
907460348
922918300
586137058
203848383
82563439
490751670
899821878
983244579
726326630
444553133
193365436
85648735
493452947
591912090
144460981
17805231
204504608
841208745
561056450
338338225
304116800
338429013
461493779
87109755
347074907
499018385
59970775
757364300
863358542
801305720
563332380
827295002
266521099
394171115
952735503
823573991
125303925
651425961
96916593
441077636
449605076
368688493
967756020
640959341
236365639
91842747
747955918
215158047
423831359
462089968
379894750
26236242
631919086
270243589
519660620
613646611
410373895
226058252
949332090
553660605
475179152
598260212
681824623
391512471
523298568
724898199
526305307
786829682
951267855
3465084
439927871
295900621
739794551
498121774
233152595
826153191
971659609
956707646
308953827
259477780
367316067
220507165
349211109
264620833
176880408
401871905
304644475
147490101
511180794
441256944
229859090
453773465
536147415
621624470
473829614
372592204
200414094
352798445
782725517
282886072
501434937
834941922
702641532
556606712
435724143
666753580
393754264
87428188
10512367
212676882
191969876
999763032
23841431
385718406
684864720
291161481
135212657
946572432
840281489
403136746
109716618
293074641
710518533
952166427
614052875
160379100
389813437
837799503
351076979
469541971
935632307
700880033
217039630
894000245
335796535
377742894
729960783
763855151
462478881
430215952
715446324
710598168
707937607
834663698
207981999
905248369
954624810
835433968
776076989
683951175
442162802
793739976
970975186
38262926
76152148
830018292
661195591
229649274
742206955
40185754
506838300
914329596
888686183
225950327
319149925
105632235
572290007
163080974
938587920
738706609
599132139
447348973
22526514
263363544
9903983
848125251
788038459
323842742
345188306
549648811
213516836
256744076
938381716
597258084
390870850
245745496
137570652
50891225
622037152
791621369
306383972
220234952
511052768
545137535
939729958
216030985
86846572
711145373
359771636
496456084
87564900
441640057
873784305
348615994
810179347
453313354
704308536
375537067
20740340
495352322
723297918
923060192
834408468
916937028
787317081
396596642
388041123
635873139
917466871
356767114
972073281
838673880
297000945
763466793
993139062
81226064
702391228
463317309
895576556
934207308
659713270
573721757
880779930
761335511
351121037
643296491
987043522
82941620
897995336
47737685
26258948
787971290
776528328
757754357
590843734
298495817
659056895
350596036
530760275
723306314
622982478
931114448
223982739
665773267
274474198
111914517
175020302
717486296
789547853
299550273
844419293
750606800
330112052
320459676
995512646
849719262
226674389
664424536
777470062
786677583
389139736
508021292
170436188
631611344
460474509
331917102
486412972
531972029
330925170
54317825
829559584
15085605
930552852
223674437
325139640
720182446
729751049
500285847
416958273
480097507
511345519
146272016
614264690
79054045
975235824
284810769
958063767
255956745
300379988
476332796
873435893
850219005
966311023
37598529
462226910
306057483
363855307
170790804
734846589
951010060
799730386
732165830
405944415
752542231
107283091
575637541
296966791
755293690
403657825
866035718
454155750
314826134
190557339
261154022
958341601
92313512
782501670
340238496
778404013
982090495
444384000
550106549
798511770
963634738
758884637
762894665
925968870
216714390
717902876
924759755
843603486
284177926
230290018
782082293
881036667
199686299
3694244
867507989
401248846
660930371
126439231
615703819
733256339
429356053
632968671
761005570
314968077
469352038
674650126
761243081
487230697
510821748
644771926
78974255
535383400
993983486
730729480
744036611
350682216
787812688
534059613
104104169
243710088
44832933
272542792
63029387
43264096
316785725
611671516
538057882
904311880
500486214
410353715
343652761
127936365
102233773
984981849
857272087
126490638
181973456
274278634
881875906
306650000
354865386
891756057
131029044
668064782
68805194
599706829
258811704
440486221
351277390
644545711
324731595
624080669
251114112
952395006
281152861
340052719
762631018
878151273
232583099
515663871
337448561
44003924
221942737
404626332
594622632
39193333
382371511
753831125
450361814
428861083
765842945
645220860
559743810
535829950
254554177
500753302
128894649
783533712
803523445
364719712
634850552
385219304
105981824
147298252
827625258
212387342
622421371
662263475
934119291
684494387
722444037
473173034
947310306
793685274
586332995
137377785
748017748
244877218
585498726
50385292
986094549
531665779
786187266
630734966
817185585
66908589
163999113
76104416
960688998
982012841
417059991
810636739
209070543
376109509
743808699
405633145
421887516
553676252
319480768
160396572
868223962
883911164
334333891
514413663
524943930
387696244
577629887
695429051
760627485
607774962
323994282
784740500
832417503
162477652
328352204
769869477
828968269
511336704
66797696
17084137
614872169
233856626
642710821
708787655
662145288
119028074
895608838
451583755
822223670
195596742
960940204
529963394
973842022
247343576
363465985
782701485
3686977
478575233
885530660
985456213
189726721
652551586
15512432
187333421
726902888
4584293
799472265
713645908
198706882
334626731
682275744
653915236
970010338
733362834
764105460
291477435
455014726
909791601
495521723
96491738
624418759
314147639
941634229
117559802
699554334
319109552
27879510
586019876
887626092
725966849
264657613
694920797
897155047
806597385
339203083
477240646
70110468
20844779
291908030
464571115
841304013
565283895
942379139
977311125
893251878
515565210
359746587
433803654
795429029
952936668
866788849
552354471
640501886
435396230
495781666
782306778
498008276
501128005
43427071
913903386
114063752
805254503
833114315
75637068
351151835
937291944
454367074
558842086
577451252
505255876
926814627
186837499
428173917
964118305
772348756
980096964
296810068
990934265
803337372
195137956
758983659
54198770
187917734
425353453
949960625
787340304
74836361
28975516
82203592
991221973
868532914
13696421
455115492
691038073
119914461
267966852
839819039
985311322
434749079
108475046
237490785
86272952
527363594
989055260
637079335
103950091
579602537
647894121
680121297
497182428
502609220
91273793
352177040
9663086
837741470
69674878
18448727
274485043
275829253
259874283
764217333
890195732
197890290
175540852
618805628
83919944
784773372
502042841
419017181
887506116
421804971
540591564
11186523
265002190
777232030
154296198
977320547
698845716
752210250
300213532
881445173
748541894
64796778
227753578
996018579
814789511
143351996
220181986
988734776
204175544
65115306
105740188
527130140
671272916
604893406
908934129
731405585
173123935
359119787
754762785
971273430
228394872
642615324
614863013
943488184
838643927
651168537
260287264
115335180
781522360
213314662
315446013
780188545
810022268
630185348
781042187
435101124
923511556
328521855
846295790
128956210
508682530
21786347
786826003
100811008
389657646
518428461
286326449
334983584
594008388
440619253
944281365
528769367
654377399
196608994
915975860
556689437
754268125
609871653
665935921
882082424
667766324
381452425
55470928
177504259
416383693
601848652
210507155
494596463
353259984
514325801
246584365
674750
368399635
223897393
594894781
8981254
466976957
960912083
648300192
796436353
561944400
165760239
392839674
731476883
912300999
150193222
534920517
976690783
43817056
917232780
476124563
83987095
365912723
29299931
16303451
235075302
874401003
181823890
552075948
987033721
569540301
242494849
395776094
472990589
561268044
133859966
380915589
503974292
183974086
74721814
593194477
498472117
36865519
994375310
994180185
119961464
632096850
340800749
905353511
434446530
970995701
819574872
222781110
514431721
330529092
448988116
445049281
132040371
283997491
838293632
880206034
159376325
347401608
137088668
514816688
96040712
212199864
142399882
947915893
950802937
713919385
486309151
387102386
809807373
152356272
869918844
282963031
127293511
803561360
271912076
895807177
929406141
520006364
536470957
865077412
957436209
339988855
988855397
604357240
711193582
323590955
244857816
100780108
52831482
65707508
645072364
700136856
210645691
223579557
858914410
953337401
615329311
167039889
986708333
82927203
115963196
956643930
874283206
413635918
17358994
651747006
428283883
983570100
898707529
396682827
431675987
106604638
398680370
201990493
297572592
167787549
146205569
943154687
603350820
918563325
315793259
768930208
846652733
83809437
901942286
441909843
352073280
669708406
971085584
980397072
917768600
3015300
670309209
760999937
977050839
844196781
309288023
553570968
87073219
122067588
225691087
502871292
443721343
294184199
391047629
431333389
169432004
683046374
335225294
782300218
973035438
491224515
341494377
796289890
975475222
536833878
665100548
641986948
125938826
471100493
884258394
164072013
294789954
538267335
426855581
653720363
962180221
959833887
728783080
182319073
796587891
791715160
677969207
30943069
464439186
88043920
546848506
358886668
177887702
660969957
84535225
740137697
678109532
817512750
270284770
645291084
348971536
525611821
31846099
846898031
556546557
859267024
307385116
548007954
887132662
897560459
531097723
803932939
789017730
486815200
401865298
333298398
225936997
946363918
528219734
335289202
798907878
575892726
971778141
573659810
623110971
229140744
228046913
906899747
783022583
213449457
437600645
428665386
574163015
168932929
510117076
696754579
377695613
344094137
824234404
355278382
355013983
424095304
297122656
684502982
370704925
792056311
493558847
506332342
208678651
165144186
410397319
210624553
867553401
795454435
246943412
420838513
258806132
205588944
301466573
542057784
641825633
601307783
816116367
290308631
135500865
989736065
799313155
429755280
241499798
309964150
525097297
762539226
502839836
891054101
212840622
122897011
927649245
768156848
94796847
671680759
700908964
813800049
168687172
36427334
804051953
6044037
575957066
727633396
413096788
60592155
652630902
478770653
294504304
8729734
190409537
505136178
388929966
245867127
560694336
402520233
899428372
455351931
493102132
177948942
592815886
288921618
316520855
957951396
844040660
939060510
324401378
963431327
405878268
137284759
966957378
367827563
494473077
239981596
562162122
440352162
770392055
455674638
484123382
156726969
40078952
464721468
903654906
826887121
555775858
371223405
306231085
106501277
546387535
454699274
272746688
108874825
567864657
352663070
455053014
483549404
223439116
80742754
89957982
318569224
982041625
758725480
236239469
676897714
451264383
291949183
918366492
130475783
245375093
578181305
603150869
487466728
221540018
890682953
152371672
276476932
177783062
980204119
868932531
12019603
57013349
531638592
671274987
75596938
923283630
89203553
532225114
680271675
125841938
514416162
215143593
432119011
779242292
489138755
332593151
951747915
84512874
464687549
857485232
654520407
423833756
785478969
389166096
469651373
75103072
184700760
80903125
69756278
764963499
434292123
779371301
820341684
42771127
196893757
712850229
1042273
751984260
126548005
204220308
968006454
59914093
444019673
470198020
535109542
815994633
347446528
804253033
341082080
774569452
609170615
674531947
936231807
453262981
233413302
52744680
593341777
158698382
802705895
224334117
628171434
343588226
904068574
641917721
53813328
714882260
779888595
859883898
937701313
507710083
450760569
834701258
8281926
333785707
814205743
800112469
218441947
926649374
882219877
805500522
15564777
886551520
955220824
712459740
367939132
82693528
218509464
538350102
756801564
345091417
253255650
130340287
65635126
159714290
866875533
577695970
856644398
761349126
985150449
734893259
796261904
948290632
320285465
750667569
859470905
791993940
887853525
136323445
695583316
669405475
87644610
805300718
583450055
56152728
750573351
686803811
225008265
264630524
514531529
502948722
330995057
779672295
104263028
817101262
878759409
825117777
292706574
293129675
871733797
701891233
993464909
456432160
395369047
523522504
762665836
941492269
934493994
261354849
677953007
83650316
642059489
789951028
748287542
634318561
553410831
396378887
520621694
862152361
339063214
829291406
390511008
939055495
52165472
104263017
294284372
514601081
906243684
471578073
803620361
652966795
339195698
445267897
754505226
651820807
652364372
495708166
67773520
984146784
276801733
960985854
959089245
738581543
289029295
251083262
85714168
735637874
488400393
613206597
413884812
693709711
784403333
567914388
46127969
657333556
206052738
405857548
109880272
946649105
952645997
759105165
861283905
263360746
900941217
957603952
63412041
56070664
659209123
307556825
332674136
178178348
138773276
490380534
874619633
896335286
377236736
135156745
589992669
644916933
829818872
830927699
43238650
93524887
298177931
303004848
256333442
877671210
75703983
400819406
903253527
423122480
7381345
623423057
779207229
617876884
395385410
497209558
932751470
437949976
58006458
864745241
207211100
526367218
389458812
925648308
480761287
859444048
723084888
74516107
303365211
890862880
98788115
680092312
819210103
462646054
542204400
265249557
767449629
367842536
258335723
760976257
343806477
339032025
847880424
6017877
775872343
981692101
969869083
175916503
631013536
671775695
367019229
911046947
501487717
608254234
336122345
133633465
654296233
938597070
837948783
592787171
20154937
498281263
990122293
29965619
872938553
727651841
50632116
633460792
985404664
995937320
223293313
469054476
685668489
167300445
65310157
250387937
566665593
238138700
934629905
150580612
336445457
561413900
195617887
254774841
637554933
936893379
952965653
934160259
677695240
359484505
980431063
518316079
905212924
418906363
140613718
845395131
858764933
104775370
454662536
720309477
119322847
390078352
832119004
352336904
154772864
18302582
130754998
343972865
738990437
225309198
920114459
59884186
53210599
609613488
339829572
335326786
788323032
721052559
838473719
817576578
666862798
64479975
339944829
50892186
674613707
703506029
901387706
828265876
50587991
576134889
33488887
516133189
302762887
846315073
498575247
509437497
11854638
14840359
268069405
647390280
466259378
884836122
405100107
531856365
438575581
708229684
222686641
317314443
317698544
673266100
560526796
847697403
972049271
419121317
707027145
997867581
924345595
205971792
433018133
27492107
645909986
64903039
29840196
363992335
719910576
753532583
595596994
681909565
94834770
529278965
496470390
392195178
730149349
381706183
47129112
376789947
163399228
778186615
314858648
532377302
754757433
71770220
198940535
427084764
973064970
211703045
499223380
238354897
828407301
313401521
519963939
150034291
66735930
975899980
973523969
963594241
189400698
505508155
823663514
196590399
669112447
186653178
216453715
401792947
517090504
410012615
992140285
442083204
672606920
571312826
394918289
769557234
633050417
536419002
924930246
779969022
923899713
577853268
846525519
841249899
726333355
788715481
471739952
16808393
258731860
32767522
482725054
729393604
635695546
106192226
108877417
748540454
609326515
437520762
613411116
180734729
715932666
169049726
310885993
173291895
458627274
649018148
259601924
357075997
575457103
134511311
287945952
720851134
344077487
4658565
644597349
585042312
411846203
340582525
953776329
656297962
875874281
639242274
623466149
602436807
46530260
166654551
297310752
257017122
101264203
768139551
356591676
232171732
501576402
77656393
14238436
42066932
2839398
683890599
282978135
244786420
39519833
646442754
826467654
284915133
616673241
548968908
989834964
806605503
480680158
557938236
960930854
553341648
902008677
228083303
358347773
840494591
835770111
198191445
227656642
571447453
509049793
434445142
91241826
931337718
859097184
704010604
684179420
968277182
585286330
164930101
576264619
876523533
423235456
154749374
948083078
855072915
784633585
381494106
397067342
452729685
592214775
211823351
509028227
552181903
414953068
650854488
669056993
122233030
366205718
175591241
395153044
965170173
185012227
999506517
717099709
784355659
623834166
548013428
909621558
77394436
135112767
168254511
765015886
41821317
841447150
47115578
965927586
563286905
934397872
125551468
873465278
671272250
169044150
915786506
665641961
803990809
267184034
109825767
600205039
998638805
206417293
926565832
947502172
415362494
68162010
290890386
298192435
956692536
838850367
814932826
404816038
565086433
275959286
884270839
684434665
493879138
267721889
806441447
205206060
784055977
688218722
349311541
769824533
999533534
529345982
460112256
287734337
884133955
704673863
183323166
496709432
357290162
758821177
263789445
754133976
631850247
548813387
12924255
947537502
175049757
610293630
246546100
160418680
212558601
653302910
869496470
201415515
624259940
180414937
907842673
541240009
290170126
56526388
407639728
297821854
347192558
755052771
375418565
122879766
207719504
374465873
689080924
142851618
183542559
337325041
857826172
30063774
829624545
263045600
319067824
389705099
44546996
12350206
990991148
919641492
688337550
658203371
712637864
349337613
200427781
989248276
347768271
886485484
951601912
80915352
725530659
744196677
193817726
981527210
998098900
877865625
490840072
587845461
408417871
107726116
405341600
134206580
763758921
259481593
212089176
990786566
583140691
2493756
855404443
320656
474141822
222618682
719014734
388603013
661368279
117221371
362965622
215432137
634453848
204760954
108423504
999832485
614082303
223115964
724514141
30772710
404287601
843735152
839156161
633624158
812677884
608608840
953473115
399562913
500159332
607738537
26717389
248081882
895330716
906974968
570369262
918199983
738221709
39629479
822117219
740695457
969623130
719713760
703763298
146057194
108058803
38857547
52027194
979396789
806204646
185663971
971414200
237956548
702772067
557287363
928070418
795514083
437798216
512538814
783179935
818277475
893347171
582996323
808455800
273262985
156153339
437299977
439017457
170099318
732865292
648638015
738201338
333549326
128189347
408322326
107564659
520068906
580641391
748594217
123894223
56260141
477549515
517193577
735566857
558666075
683872549
441658542
802690751
104317395
437392590
788345961
286856319
754516805
574605994
834015864
327992907
272060215
747323329
947120971
243241996
253324541
865154256
793454852
530160430
176876403
476181713
665021084
744283865
103217293
299256932
207936379
254706074
787976407
269353966
422886457
121231357
461495594
20262646
548885975
363612483
970406431
504498352
691547414
124169123
213011672
683046187
557398216
299074765
586967916
974178655
718666678
474256583
205682378
349407853
483592604
134958219
132003511
465077025
530277199
138005888
86251785
192067426
309979069
430603132
769736940
278651708
419331364
560660661
55785635
222106589
810586463
656081940
354855602
576619806
461059457
284124453
616608102
151556905
700053285
345880693
96381027
984423042
723843635
607911789
212469279
912638806
224156242
394969079
107284888
542924369
687759748
880902500
64115519
112799142
250747290
459120467
942566336
409765230
960631029
761341639
764253148
167014457
66616989
738306349
842404026
922003321
715989222
745777215
956107466
380508399
889504484
894078488
105352713
877349040
331652355
773447604
419709580
697502773
696208064
425464382
940991692
195686117
318030384
125152893
735827931
30409551
153354778
668048432
497319540
324993546
296189421
383021478
310287289
459029180
992965799
646754583
431041720
116408886
790154815
977942210
608853780
982710681
210305528
296454551
255009007
154297193
317982749
934765961
463952147
804848647
70019279
472506400
955085592
734006141
820032266
609965828
959237063
579689786
781356580
719671451
403154988
704444805
524751177
392123794
854655317
612997852
467148823
170996682
775016750
311138187
679609812
923111035
812222065
497922766
945318457
360819173
646656999
771875764
39987138
600982290
816236563
899310438
643156896
940592105
551754197
38136800
24849173
824294829
356541271
989830398
335300243
826285069
132170966
669785648
528524433
356143352
14355688
939470640
221684730
256278994
257009408
159542274
596856027
618512609
799782236
720790164
982001734
835311906
132100904
211661816
968609568
838267457
609222811
135232914
243355368
774151015
845910615
621622694
167707440
571563803
871440680
467109927
922802801
696443785
231842550
761255830
440358451
902929043
376655532
751461259
463771921
371381987
986418557
884976844
936893362
252164541
569415091
551228163
92613706
125205825
80497122
765226333
577335145
318581231
622478079
41813685
906178252
596093464
745232502
964636207
553700200
403190901
504699912
383105815
353488265
904122590
135213670
296396635
294193177
969819324
529724862
603508313
25755561
546373123
47009690
140234555
752896789
444036936
130511354
139364796
198893470
917259052
344041262
960842716
352782531
171248084
529735330
711764118
832405792
457290749
102544256
337865219
789431770
193389500
782556180
441814520
488191816
488416058
275401566
579778381
232162573
816186287
986269123
636831429
335990899
515192532
243558285
16271224
413456302
307173258
375127973
989934896
126300692
271325793
947248011
800891526
852608665
925230216
533827417
342188344
622738847
754514346
73556580
855663052
887388748
858156405
728870944
15928478
152194512
339939570
702024592
954857515
744766054
981131314
390507045
330000281
995466939
829983555
283082099
13431287
63427351
315952618
382335952
489020106
943281639
283167058
760714288
180001241
92268705
276622600
265650348
398988199
362050399
536033536
261194875
101100632
432888467
852183696
332937087
929058260
128123289
496283993
209398465
514189421
728801128
613730212
186742652
309563704
717933256
312266567
638458804
390198129
589668032
846234084
892356719
256569693
548822650
711630050
990710839
151020732
802975748
567712420
204651125
798926192
553703649
563458980
792909137
629395381
882212210
840172636
883498413
881946753
778255116
469470587
375247298
677460800
798054187
439856004
592797414
340209161
368331002
442744126
41088733
745462865
941405855
461724263
234836386
121473594
296787087
455788589
871192056
527779281
968770822
604173142
431530675
171113099
956333625
984276400
829794302
153747301
805241318
932478891
813027609
838196977
857147105
62471136
486743178
423920759
430798730
774004179
24986673
621835399
1531457
266537513
973699459
991835469
546362721
924128202
633555467
563495119
14035838
732694568
828712562
666927884
650876309
231416317
202427248
844112242
319455122
501421469
783143520
380587406
740258429
226401683
670468444
73230963
768666674
513791426
928395760
985507593
485746570
547927161
740345115
217103388
734648918
535609143
677221490
61271829
17417074
295674819
785257988
483006400
342203581
731727457
848454552
689372974
916848208
220332200
449883672
659091333
624659540
73602816
554959646
389845293
948760325
536879941
67644358
56766752
230439413
859057166
517505579
600285701
494839316
785383600
420646625
926722730
994901198
446872074
664226860
423688446
947080735
700246811
975221292
67023054
228476361
776472154
163227047
965133556
731977275
940342359
662574584
192862608
497601250
171690866
583079724
624974446
205318496
482788082
939965185
70409579
857659785
481492057
813502820
415362246
19878695
961691504
929543464
598789554
616822611
955085748
418071525
212775482
425654396
64101693
817381113
800593852
636881584
543983886
432074316
124198000
21811893
3835055
360564326
773083396
199454843
847070677
762901745
992314788
755898302
950710584
684180809
17476117
453714538
349351314
7663801
432920935
629651839
916666932
266375626
106310865
782520051
79592494
303331858
474962021
401115686
457103539
35073067
601673308
134855853
517261039
456639328
799061172
451699899
362543601
643957268
527836750
245545033
793851100
562663239
43944443
847977253
522268047
558572679
290899926
961136127
84528581
743992682
784591777
248198135
476753446
925300638
608958516
440514021
332168210
433218843
518965498
845687081
435584020
926786867
100887362
242845443
956175774
531153079
224501102
853996201
344112028
171126614
315046311
761919033
656247508
822465476
605124077
217184083
200798001
518156972
523263616
481226886
311607581
352238413
736406013
534521956
819653084
673179718
409978274
567504014
272867162
983776293
688157197
764342698
518376928
655647806
744288360
181817147
33578674
211559765
385732488
946676963
194030366
522545499
736556799
852277843
365393606
961565573
552271477
640644514
730434181
16514063
856459050
811024778
843166863
405646199
932667622
638970846
646548370
162561860
157655218
766459095
511598628
173337570
720761778
238446580
703007852
534801706
5451020
786965727
980591266
736698284
771409564
747179560
93720794
158472416
942061473
438769815
479265620
351142272
258731008
116736361
381756744
468939121
979809835
339671135
616140515
457124364
272139147
182393558
783971252
857668031
910995106
245801365
924847231
907786152
619338525
266466149
445959184
857787001
291171643
8806956
84979444
774911647
847860474
127918924
220853616
461339964
879562512
26498821
608142619
451237357
979216061
90815795
744088113
933802892
368325988
531466045
500552682
799157788
369048961
793771853
486067893
441580889
633905933
56386075
14546095
308039376
854537331
971099209
152133954
292771580
506271077
485853010
785091661
60489283
740355078
521491788
849595932
32977628
522478584
200680882
153988172
86354359
121423385
681407918
682173445
554100416
579947561
173359446
743787876
904472930
411034711
744216242
305016007
521585248
386430331
186542752
822886004
693499080
331806729
793195643
138810824
367645877
883598922
116657621
445051891
993692113
799759601
191821168
823221783
270939585
181777949
970482847
915065297
655371585
151001283
239104920
792455754
999132468
934702043
285154453
717799293
658447665
61386944
896846790
259293836
873948238
430102202
678128321
931390313
798445186
699105028
240903878
753536201
563732652
503952726
5463747
378435043
922217961
216041158
245917682
857581116
107078902
328023040
878576533
91874071
884890031
85486198
891284753
243278157
58738272
424097703
24964216
381448579
773179676
697636454
766037085
216287819
772762036
536997870
817418895
221146628
458617473
924405000
667163945
775191306
476289688
551583202
153134635
239049739
437751969
866870282
298302226
606154494
172390114
464396809
96429473
651502134
990076079
38015390
713049026
70050293
98650899
147619281
155027050
741874365
261982114
193609194
289128932
625598069
933636108
275105304
6032916
690899259
502446235
644575129
444970074
989120234
636983721
535795627
425151397
910269020
100169923
389047724
797810636
288417387
14567623
443187206
779282276
560236589
617127403
188948751
132152790
231870992
838603755
165226154
385016762
71306368
388786420
815455801
168790003
593002794
264511813
683650643
688032077
980521252
773368068
272386503
361895097
463018883
595705244
828869588
254613053
810015499
226631642
701653631
752040098
830563143
112984256
33284937
333198216
582708539
315882567
1358916
604562307
416401505
650024303
76496585
453254064
333744912
165840775
452856189
108506541
725847584
26965551
216752309
156554266
943208845
514736153
825638266
707518743
491299724
216831580
369480393
111414131
795517742
702572211
635554159
25667584
531952858
229195030
390508981
121458496
926747665
278025618
554187086
511415892
409904721
835169604
206194229
756980484
562594034
328620183
425714701
180769534
170061838
77193971
433841716
734129799
724058482
666217674
383787454
190075473
910758031
687210817
648720097
171835916
103694095
921480517
574654837
902678414
188749349
942657420
298181317
664268987
621189505
572196450
750479334
595873391
684622525
776517973
680609154
400704593
586180453
385966279
195838194
226833266
13724883
123108928
987804941
474962510
676066605
807232345
611186402
952357999
898824387
14056622
440437592
773700683
975597556
626629327
128996144
228708627
527552711
239217854
751405528
75535662
26143762
197501048
462318658
949451257
847418633
496068866
589894934
102127256
477768247
801666728
975726534
710342302
912668448
651990724
85656934
851187171
585193240
287971729
622997621
361110463
210500486
841760674
696487832
478126267
933420849
989224092
893517085
667242980
578756940
958920518
797683488
399452646
555521103
41735202
64861529
454164034
663790025
915819900
63757770
537314521
927946244
477721311
4868746
389489321
277100139
585745416
745589479
951140409
184117500
629814324
30805701
880066561
622719550
788829856
91635535
528200909
69309397
821685783
602752201
896149761
538347661
781295627
621937446
997044549
633048129
490808025
484058170
983001908
11096645
929398124
582851508
865412433
891317602
316423311
325376520
453653241
625633059
121950776
311218641
967687039
338046332
732113653
346644719
803937497
975570840
972058722
107888249
282638444
484771653
998677664
186233356
592473460
933236448
241793020
922805414
980040432
790816648
612749535
176111102
310095181
549951996
227434591
16285970
338730879
695999724
437446966
400750396
772784479
522367948
562350185
951592412
309617270
434242448
454499040
575557220
376873323
132855371
828861928
441831980
655634347
995312582
510830362
678614706
602325617
293196791
853977700
56223145
878345717
642234549
510655384
942999104
27974488
439056425
386476171
79824812
631828601
203004928
887227134
102399000
335881097
253123808
432143370
373163884
583697427
650359530
908439362
640178061
489008657
966304598
173092353
77406736
62514665
484013732
419747476
656328287
996340750
850096488
163496999
950477500
747055416
999202935
451726058
868375850
17580257
289855705
566097876
59106108
737489207
631421532
892976974
474538148
536858743
670749621
200681332
845388929
886507576
368912516
522941982
925814222
325556255
611807548
438159181
137600624
916298067
13408147
694300297
420535544
668652528
783850239
945702721
85946032
298107655
48893130
667937287
18317831
841738289
458579821
858171872
85162680
787363810
271164464
679031902
642568916
54623494
384307454
864058596
978329404
337443113
313125636
521828454
859158642
382790951
435158826
648741909
411438566
889557524
348647437
565179399
323957048
83534503
854342349
593054199
257948638
868253096
3625251
315621117
603075666
565586422
641104142
654831383
581267068
841366157
888591302
311281007
271886829
930085912
450515221
879908280
496134010
954971134
460472333
624180096
959100966
411025245
897457233
261615955
30291576
579291420
741034901
642621441
923972499
239618407
386825509
713663963
642443323
852094118
497082819
486427121
731207329
890474098
774193739
193516570
731132388
328294186
380718430
202082108
354198698
674190196
781889076
837199487
414750857
455018018
640850698
411098926
157451396
273110662
710717038
821753692
221432545
225751130
484059219
677930725
806267861
716065252
189087278
13003165
881200619
705876658
204240110
287759457
147114256
9295791
950102598
872771741
44168720
388358923
261425562
880878478
740634339
659612270
884990146
732476750
406720325
439794784
942542625
320716557
867647064
605393117
907019029
550052829
387772607
326454592
176036597
852883936
890499317
742235081
963288202
845068239
173490083
431615700
935373183
750587094
527373191
270608270
483349602
632463290
712559066
460480675
277587109
633239147
941070677
982944506
88932520
166450870
794454820
648679785
932127844
617435885
86218058
573746646
624888088
520254903
981437485
25093978
272471186
605919778
606819456
28398054
456548422
291803693
626959805
515797249
549413880
604531832
606521249
598157188
512984605
716892219
240407264
544304715
444445114
903727733
325116346
883854451
584737826
138621197
784272051
590887202
255396889
854482449
634552941
801039305
367866824
999406489
424648998
467974971
613228293
12729649
467577946
935827608
609693775
669876171
998911816
984382344
75617213
441857813
195071440
4689865
911162874
290432779
591234389
928165407
625852908
897237940
874113319
300938667
948110151
612057488
722947621
85261872
215783610
371282945
197606951
449984422
490254775
634555033
497557397
394220883
70709294
754246226
532451294
256798420
180088561
175276560
934641746
575213573
294808134
70424246
306589034
409927207
552512341
77181001
356638503
97949114
804701484
562913472
4686883
883993635
711369329
174727480
823764472
395184221
804549946
666283831
111134051
527523065
190892781
673223945
868430468
891893537
260547584
365295361
986924701
363634167
130465612
256159465
117706709
265837947
164185952
631595403
850694618
988327369
369494635
183583483
366492941
82454191
579792421
123011418
253708880
151168937
660463721
410306592
760613649
130452649
151229617
555050336
226344035
642374291
703626134
123659751
37411424
707523898
263252224
88322185
233964389
499787571
927599733
987659966
587717131
550088834
597681120
752604745
177626088
812301422
943495123
603143847
416295416
8177353
488271344
427086409
761159158
904123541
474466795
143568364
332806579
284314101
90820475
226613190
349003531
621395294
473434676
104792504
512550660
107588908
399826894
328896858
554561362
315823231
239745097
408019843
873670865
179885699
44540238
97633570
381410284
824970650
613990724
124013649
618911550
391177322
609655964
536901543
160698282
93089508
532607043
346290452
435267413
218842567
442689968
894973417
397639606
245995462
471323041
105840773
77330303
646899125
292333086
916291134
928249642
203079830
999438286
243295122
17645524
732235116
146934226
676407469
206644764
194742640
89478157
514279100
503009146
831517448
883353695
998762482
207764081
212967563
111433790
80253257
353906176
320042728
998086985
712029017
749410674
492853195
473799348
959608975
890068666
578016165
311994409
983795972
150971485
182363412
608770179
834365300
545498141
195492131
222410968
873516524
584134021
522027938
609850447
189472612
563173875
911348386
452293947
925333086
571515778
293907773
798915709
402698997
496696055
306714484
31003453
268055089
948520348
40253261
593471738
418272257
834415772
731490351
307023184
58108256
57965919
240668653
605258751
907000861
869017206
475054280
792794138
285161573
624705798
51050481
291252424
302275640
952560058
198031034
219427337
847909791
363753278
396853438
309663136
992728061
625357176
986856654
576072029
434897426
905929201
935545761
846976537
695554407
193009948
719131008
71824459
348778865
87831222
558768085
516900901
724670179
114350569
766516511
57518743
731380483
8103965
235692124
925003522
469242959
830033531
141072004
200970738
249089635
378922711
675147552
503353290
324115673
994792896
297943872
337801761
250105457
347088671
190486835
205889233
400047248
345612377
606881377
291017855
18331286
522761942
472567203
836147871
306104171
292164239
271899849
289996780
775663178
560404473
65450003
637178240
76734532
259742230
124420785
900518899
222819493
456250815
636103781
793761020
572232081
255523429
808043971
188679861
21344588
293549372
425753309
39164290
811669438
252021170
75475340
959729007
80486946
274252528
530429319
801754824
166505013
364084853
406067403
552751736
544669803
25016940
700343450
856759020
647171351
454628696
573295190
184673378
258839273
790307
931138200
692636983
546877576
919474035
147440384
229388871
651036752
479849308
655151892
802044539
912289713
352862133
197632115
339474104
517258827
326257229
954430486
435930912
966389969
20610350
935671884
391292375
31497510
234384229
639773196
695140125
217426111
355259159
62395038
448893113
220949610
366044203
66714242
605646523
328935309
34415034
932218114
321687254
294402074
826913317
22509570
73229089
236464746
517834775
337593655
406617948
19181185
997616296
870244737
73917395
170071000
782035300
594406498
75332326
183510754
367756785
31056907
741868593
227719539
489734832
932610286
98853343
381738050
148743722
71161927
168512020
534805135
660318127
800316582
948609786
628956351
761753530
812638521
670099084
508683497
283568554
502017119
908618752
333885845
371158317
532565322
894122829
348009592
966102859
115571019
356226018
442739350
972568845
215875324
654930984
750359489
392390808
657736718
152328692
958433966
982493988
685051647
165193379
705467674
425381606
923503078
937884225
651123197
171479833
703581505
259688796
254572370
983447524
896641974
264407637
732835332
643831152
684183851
815445068
683087556
443037407
369434511
712621541
802463200
40616429
748854792
545078419
50201942
336028313
623725888
389368356
67074705
26076038
644982912
941957809
256483964
500710296
442464582
178567034
202178104
276488469
900801414
979545222
245626842
33613303
511033880
977917761
58868193
994762933
774861389
822130266
892751357
29591038
626890633
76163351
569555414
553995301
17732061
279580811
346257193
207629958
661404721
578658430
942246163
559689202
126237087
584116895
894342412
77981888
383566938
855871531
617323039
520229780
815168790
505290385
146170096
453348151
75110848
354596047
650673756
207143134
113403829
711193203
274497153
235700492
845629215
823606764
429237596
385915870
63049903
798204036
956612131
936542357
916065939
523093515
297036925
290283234
85219931
320083673
823354837
927342996
476520503
344254882
942422132
110886658
557343351
795182324
337817876
271703772
341226574
246043950
968920234
491132790
602798385
47356397
963897462
447713395
694012432
850976532
177685505
630320035
633829018
457414608
743324628
242644640
41611687
311240872
659563026
985583111
388658064
122173187
141490633
140393062
406596661
610956341
314491913
758875352
313252607
137252165
337305814
683470149
826413280
337336614
169963843
214690282
771827464
45799143
612960713
159614165
692024267
910278738
532686215
225362143
435356411
630469882
668715301
292977328
851814449
721080558
696783695
209156129
156570202
839838304
63816560
180963145
110429259
833504832
188390236
151986165
726615552
233094761
424127462
103118351
858627194
254846930
448102629
890417370
736985605
289301032
749336539
445813172
810598150
82864732
186510993
638245079
299991188
557577016
294411330
382624721
537339069
559579491
207719361
326568670
471693772
902460466
896552316
2904849
642355827
623765992
467807206
581378278
7342360
195898316
680837016
785009115
954834453
837683363
745748211
96128836
8623139
408836223
243580955
848696366
495628092
456367853
796658633
871762060
493260768
462545454
965796860
979392913
188970084
453282889
440596620
512059506
574226794
447535573
168118728
57851181
737839619
396299362
796541273
960700108
695419668
553683644
86159789
973020901
320257183
647305471
118205753
65711832
197830147
18604134
997552183
457192009
23662872
813823906
697644953
323040814
880265975
321166101
493906114
728515094
60155725
180478570
995442685
927370104
588547072
461900009
440494234
244556064
55433036
777490007
735570478
160878604
595860196
277748109
772697843
10981786
266760859
2657765
948415346
283715892
106101995
130471325
323832457
579895992
487171862
327011533
539600978
124440443
560502440
519544791
181834805
377369211
885052297
641977606
301842658
40673794
834692022
385939430
332795100
150412930
906616414
356827540
6960331
14894728
296459783
176072056
554975195
615843368
775602164
547412793
959816744
949410473
184031476
39699648
551920739
708324977
525468025
116619578
208296718
652913134
303565958
190971913
204539639
162647116
334957421
833847116
38159916
313230726
840245660
495344785
545081574
369036246
524556068
166947658
293990041
214454493
619721560
951923326
465337150
757765042
759351710
817604917
576889601
806657547
717788566
579634312
698941511
778523541
950793952
656614276
778952351
720037062
516015989
544359720
521985633
322103501
308450368
714585425
834502143
243644923
275202889
844762482
375263581
366385973
284493862
14116762
203659604
905338298
334253040
747124459
282838042
317077311
528247424
591486993
606883163
350651200
863411022
180178822
328817055
133659404
146549564
784091998
82045190
940916197
460140617
246982105
85720148
408714283
489040669
301876937
324406436
326493790
961238936
475226947
105544186
913499738
324664749
239601649
973390789
235307156
123335030
556153074
790836184
144649082
429510999
961853552
224856962
320662449
767552137
739598267
310794258
586855236
751199126
92095488
653759997
625849977
442460343
411931489
219902596
323985985
128528526
896313073
231282477
296512590
351307634
521755082
317056708
106038871
520028174
258113001
805319151
646997297
71477384
389349086
289659295
860072944
618879154
284839685
288494937
281303110
859702461
871403322
713773792
201528770
312766304
818478588
990434731
529824994
333439535
575441962
517712834
263631041
339406289
460088469
833055489
189768646
605881438
160462158
717492246
70420487
40913954
223255038
866978518
749094610
115780472
411862267
967532626
408953786
440341085
485023302
815323116
169240413
543781953
891630564
549368114
207305651
771567013
646682015
281850369
225479352
669080208
948222084
258674911
682537034
826558765
873503274
790381861
562658309
413760205
521555796
44712668
474149752
308003481
257865372
339572175
346850333
523731147
70862577
15157270
416299582
396410001
197787080
917791402
81376216
693069964
920126229
208030498
541167438
333623928
954348643
692557520
758564849
4010041
242236830
518359336
742051521
522786424
336606606
576532013
615728079
358710138
5295268
88954509
262364967
678749464
918518494
440879384
461270124
553457294
294260540
272391818
23566719
124425119
259549942
405644859
537390143
813060062
907460039
101741766
886160297
700006577
554997751
426915342
400125123
773713137
613508379
296634078
493955696
97929462
712696329
167310336
794548030
513585877
80956324
10775896
833799241
642695208
99549111
832173495
480218075
665265487
696050379
460852079
116768965
313326986
927242009
110123369
871264821
532559873
112855827
678904968
254011909
962847815
986523276
280108103
898482344
59944650
836766471
813489502
824958199
260384937
299883398
237375375
576948066
712771229
666151144
32751236
15590680
879194936
453292513
413277924
219585266
640718104
434182321
616786668
678259861
241515802
504367049
344791217
158656625
754113068
13222422
489174711
203751960
176465189
319521340
232114816
72690640
590397874
732836435
146318121
10513232
884673783
817239187
175606478
651423939
277352402
401319550
193874849
550994690
652969714
1409163
167042632
409359864
979038692
453739240
321463260
161946943
863744493
407780895
812190526
51051318
974528595
401501080
237316268
76428595
992288448
236067698
365417085
350848943
569171989
309476888
416472381
72615419
9908273
914374157
393944115
833045646
47076803
348709712
196250182
769427704
720722562
806179853
545135945
976752541
916621843
761052275
225980103
149016827
70838780
614170515
544987233
196981721
360642647
997179922
901986264
600179254
143414344
77721341
245646516
677650951
118717352
318781100
780109368
894494750
269691532
57273042
528676330
370336445
747307073
591549410
545399720
562008627
246772231
820484500
54172879
988109
591938534
515781594
53736985
371565140
500694278
825455156
342390572
358415296
985338116
85733000
277984226
847600821
546791735
210619816
793430263
823401450
370782983
3102192
95138751
862985751
495201541
383122133
866609190
300597245
43518532
396683653
793904738
740459648
918838668
606238558
92446988
496909834
899631989
505218144
690135648
47098900
615341334
974187590
145643148
773493371
300486260
318202436
465042421
33614617
756861945
126452846
511228418
692075037
502774984
305075695
292583713
677912652
816571913
315418302
561905533
780859426
279518827
549460707
184321397
847243956
593465004
269060623
334084627
178119348
395375034
886743334
623751742
683321965
729972407
76412580
211314735
531829713
249414402
900286900
811839311
895075075
881269454
84763268
801870964
223593673
340679994
188744611
955988581
611308984
47221542
890888916
965741413
9555272
521968225
257811618
195488743
69527342
180888095
551143972
677996759
863124602
407170187
121486153
738945054
731615566
143942107
585700260
170221440
455635039
731218191
91227054
699106369
60639607
868955964
228037172
505453967
745953678
892602158
775818360
162185580
281412220
370338175
678835639
543796849
191389154
114527646
594224903
593905655
493705509
325057397
695712585
105272214
499498780
779868350
798023667
408529111
358411055
882082978
854697818
441385503
551997165
31603776
737569451
997631032
721647756
922871088
250343970
225164117
651432889
294962324
536673738
87841421
309579186
567147768
757581049
962246558
261942922
892504209
770347031
421240556
728081763
895445089
741164715
791733562
273730229
820059176
614805542
709716147
442339216
169669637
355504092
598699665
706698479
423698385
244555443
675103707
787605232
55298465
394157313
281607245
507827547
895177017
402094960
52301268
344266338
905150911
487888463
574195628
933130477
243288248
303366143
4916916
508160139
702813882
681791499
574631063
610423717
556209327
42441664
829483668
259953622
605468035
208027811
729401062
539368610
50119682
966253370
952281039
259436784
387769249
811772928
306623748
518635155
609857371
329884768
324690272
475554773
942675376
65510004
538177063
271974159
646620315
460206280
766528024
207918540
225341286
580892297
102887685
784524755
582632457
182111597
889799706
91396784
546298423
651314023
179503497
516718690
331607731
929298905
87503145
858600899
192115036
259615341
88269164
539887539
221787961
422313428
796086133
298872374
398710814
164612623
21778487
551291458
897002184
572834698
281911803
614723751
549680667
148205179
278060830
752402205
368431564
447426362
787257372
751119360
675704836
940167593
264229287
129148693
999870373
940359018
447721390
847310028
596224286
177868291
417941120
547461436
286985240
591391395
340438939
622760658
364794487
161277722
502471733
965675115
203162115
471169796
743663325
664106692
552712046
749820288
488948206
145943760
840650156
418388158
114101532
879233282
891350747
716467834
331096501
848239728
708937961
890421487
563227445
322736831
204339227
34312780
731119785
12738575
539675749
719648848
637207266
463979901
472214100
340880275
339706225
290090220
636339775
593374131
621208263
421204458
583409992
777708090
871434367
883334819
844305051
427566797
411355816
894037733
383314265
360259349
186402574
494210388
724375109
970962747
359389625
852447935
562047903
423398031
516629681
278228825
771163797
475055125
906081840
872200905
177276583
594970009
161911851
975800340
170600388
424585272
134937342
746984093
409516770
679588761
850353199
873927259
908937355
719170101
814334738
546062777
476059261
22241838
80911583
57620379
534826881
593612128
170583845
465742127
170121759
73677565
367520243
98817108
868775441
18801561
804409216
623508345
67345552
726555583
121057678
164301503
539424268
780752604
367219621
319688042
324439798
173845648
358364722
214988481
110069669
196491034
588037116
782093730
744437124
652032870
768164375
362998193
662891588
492992598
867272804
328924734
666276002
320885410
899980879
38037203
862829362
610196465
139415400
142129887
460075118
21247851
797676391
652156548
570162127
147614859
523897027
106236838
330985542
341626477
233058151
546015643
885171280
859993807
215062686
568735416
730144677
201543268
577314494
842990617
946672425
913746452
581533920
503538176
672525102
363291950
586309280
840724667
939524767
769710977
597398899
346997153
593322600
718194643
643743676
537565555
27218623
898595703
887798601
895209188
823623173
58951916
495079263
895280312
400347483
667475575
930061499
968789269
5000982
132262834
230436319
606190893
336928171
649376775
660180007
973791755
150024677
620358794
517751361
976643565
668866851
726408893
424423622
497382243
786781181
876898478
707560819
208738721
352736329
250386362
569925428
994788045
919558034
593265547
924382817
312588853
379644488
350112256
594482210
197836521
315016993
376271336
486660703
876468025
8276920
642308618
820672267
292485667
304105563
559894537
782250456
356861936
751494511
65152148
802917800
980884332
43214348
655675394
446826588
811938604
243134315
967182369
791162085
701799987
238162708
505439375
993759595
316767387
526202479
637558309
364355750
390651353
206143179
642605373
688012567
750000432
443427551
401083392
479325999
168675087
244840136
893856549
659093822
696216203
20957244
889952171
665456186
295894612
768642136
44408361
139998414
762098207
988508126
192181026
129250331
712074553
338392436
798829602
281311505
468810346
335521439
618257930
27413098
130650887
273101517
111860111
812928823
969945826
925946534
698168723
707502325
129782878
321815225
257508102
200544255
770332580
823239458
225889790
468840672
996168044
401420966
235158103
864971748
46080467
406348419
721116236
977769162
676609456
739331988
788749055
535198157
965323782
660124600
4109988
222072595
228993818
319676140
74878275
446945835
810502349
938127551
943897508
412114224
513456677
829311169
636606806
922384516
813749626
795071736
401932103
179185090
190488105
87688672
421791191
877892056
340618712
676785713
542952259
970246149
362078943
609261375
740630170
106697883
709970726
791127506
434387755
510780655
652731821
380543216
114474691
445942776
747847118
319831193
78529996
928740845
413317910
292495690
160246738
570596834
892756120
350835198
28374881
140395229
749651990
289049651
656807973
744089980
691038505
353949012
48653413
618764804
448316589
380844405
597672170
878636735
275240158
633609589
3546465
875397076
20014106
339287102
658926456
930098092
839637623
274408333
177505653
837195483
227829144
347540495
823534730
615705038
883245153
77532192
340945020
788448205
99520101
433926264
270794719
238076195
787422622
944458142
544591259
440799320
140995841
85386240
877185196
882137225
793532188
837927437
537750018
26512776
897057868
85509825
462068228
54294701
60003156
538346362
410507425
682088140
991975700
584648300
392802030
455441766
354336394
499673038
343537278
318242333
673587047
680749350
921992109
439852368
744367337
22390756
599781322
688039061
125589405
358322514
854574081
324858656
539024748
381992789
21653504
403722446
998713709
940277854
889893757
257011513
557019940
61598739
265682714
197084745
835926451
981947811
43560143
938902751
976309174
891412899
477050587
380721095
482163512
884748819
519140576
266986936
79587585
577170882
727301021
598064057
769499479
550489442
611254963
703830627
883916190
708650462
612603651
491482126
822274314
440690196
62939625
238381738
19918459
114621434
967396155
884094625
562910897
849194621
217268832
471145195
242323963
373571388
924497462
528875301
127473393
789210445
956624179
697175567
222860702
158289207
947499909
466214558
195063811
993205346
777940354
884729724
368319948
616984932
453412170
507459389
907919526
254459301
353379477
187605523
113352726
937629795
900395617
332363409
728304082
515986784
326603538
967496511
97772234
909962446
354937629
611653160
232718811
464861582
399505249
698378118
633367291
107204623
245101813
704160118
167413594
292380767
431972058
389869749
990887946
313441404
247916102
78872466
306781675
988599018
740879739
117401960
545361381
659406899
228393903
341745817
62631085
734840807
160960323
247981085
673750562
706434898
827299322
57224890
102251896
749710384
361936509
167512943
325911069
727870521
887976671
512345390
899388206
859489465
471835049
42915077
767032610
644671137
69273286
212097491
46263011
309505722
830982164
916816408
312367821
784789271
509330504
787342300
89543990
325597240
675597214
582084068
11199755
186918317
926085612
188859352
43947131
462480335
992273848
100525187
164505354
463037559
730537519
406639660
667906416
530218216
688341305
520887411
279013244
847522394
406837675
277150991
134197865
102085097
731641184
433838391
739162905
177925773
367784382
189191284
431994891
785989581
270631507
254878051
99074623
393868018
64728340
172410111
944007583
817493548
575648259
417157978
975862599
342801436
117346784
158680283
831656363
627535657
87667370
1983271
761426653
753920600
131112975
595389738
812877973
334859339
562992105
326170955
34335399
169265154
744264555
215611384
380692106
962358827
175637476
276001208
248361985
841822334
445901958
564631732
105511543
741488767
519714938
497631650
587182801
711095800
143636776
690408648
316201596
995226456
83691070
450201153
496799208
119802139
416213787
836606892
470736016
330600676
146863543
690294011
3858249
171238742
135732468
197613434
869998045
472904612
816647202
748099099
791333295
76728114
795616862
47968466
108968975
234626460
905492948
885925222
697976215
680712890
828488880
878046680
786526256
782010948
688293739
448859726
793884584
465754188
488048772
139491162
336890482
915136918
119274423
566746649
32555407
543088200
425260064
47611036
578363081
965134905
512224592
492088982
954844209
979556360
657161121
666270051
597949765
698378456
947860394
557602061
730175168
51957225
385084900
266024533
614311900
128285144
62152646
546545868
271157294
487931955
853826988
664856507
915426322
182751590
32147088
544764889
119430626
125073956
864080307
923726580
883167049
690691690
881671311
299633291
417697029
947898360
989276701
10761005
618457516
906325263
968221991
39466596
921356476
432157330
683860941
678647897
703908684
658614292
42674903
958398007
888176710
620307350
63773655
962985462
374659544
856926012
930836913
972798131
500363126
44448882
908291945
724431981
141988406
522139895
537654931
509873734
744089241
422200236
297291431
919889640
793063885
990398038
884993603
793371582
558307266
228834216
205512943
866493511
404572700
18767779
914374062
751633644
810926886
854058292
52058818
587376699
761104142
712669281
829705981
999820728
828997560
842979044
666206135
583388194
450802842
419576313
625134266
519087356
152998210
191782022
448487113
703028514
325989175
669951847
951938684
682587791
404040427
248768555
533945306
102458293
38262791
678532072
827894589
819758167
501728138
323865501
124880024
211739983
975631904
222741374
424109668
68341750
644320882
20380722
294912183
83962234
383821603
865328639
616642278
46724237
846082486
33189721
484183868
471464818
984925868
977691806
860022162
52148205
96813334
884351784
31419071
549788116
466882042
964820347
669809722
247735436
973981602
348331675
321393487
82223969
737556901
771567931
952602744
119505448
222654994
290627113
523984580
684513058
142405343
12399708
65580692
128125817
400361619
885990998
651744231
199912258
22135603
467955962
408528452
913470003
585376395
601004086
703877998
69947266
879204113
863464259
617693747
638681300
190161898
377088933
820058029
502451197
458129071
303772922
533040020
137035262
314666212
271483309
753964754
930872039
422262249
74696047
912735568
434226026
353417085
187110780
875793382
9781875
123449793
400084000
733329719
643974342
670611059
309398365
146644354
492194031
980439461
145743145
92714876
948143316
505266104
615150985
686310849
650423582
969679856
187668460
833414513
113937492
261507837
395548365
141441095
56839638
492646805
641548911
945284782
737064222
277934277
500311809
276130543
201113586
115346928
877046494
329029548
937598296
205164658
46988590
490268312
322462373
214770694
917109582
738838265
486480173
891690918
894745949
489915120
169168490
782931520
169098613
502365615
35624167
376567205
582612818
764347571
782927006
595373871
683555260
321459222
986757605
338527143
874566069
843726639
137060620
184816563
1041419
794270281
586827720
721190382
63665365
684311522
15729579
166503583
920538068
379464884
509390278
451304097
224504937
504499249
427569910
301928968
40124225
155157869
991936832
522165050
55486845
723325322
229271629
994725740
446285991
169502110
736648153
327127289
321897983
992780683
559633787
878760779
905517411
551100679
876856125
247792797
712121564
544665447
462382929
376894531
461444801
768375867
22883822
301903871
322203424
360837347
431442576
360379516
289445419
362065827
55784474
630753181
456988332
704656295
681201056
309956587
158241978
860001533
591486184
644063980
498772606
182310090
887853485
287255603
123658268
352547197
703862902
426542271
29165826
91303721
1672336
253989538
734019491
849914804
931261332
390335654
248450183
6492867
159315181
919365793
327549735
186445626
88050181
304939784
353869611
371072318
789842750
815080669
169983168
391438496
60935778
277243288
394409347
188645023
376563459
54462456
195773814
808714860
186123370
891057457
573413260
153338558
183235853
817522023
475351098
371394702
218363168
492359944
674253963
494342403
583295097
43204281
168403051
888862201
980914397
122283756
429307071
983558637
916728948
224387655
278974974
196217341
551234583
45599271
697604031
281887911
178929697
361866059
763333711
916714048
493459380
982191628
28399480
331819279
444267001
713672770
89071890
411196399
687420044
79607372
703667484
90451657
243693987
487438487
240668158
872693402
523809588
971926372
573194837
471115248
850715522
76346253
752886324
710949816
95110269
903706196
41470721
343530699
918303329
996682787
743387867
274432468
381758066
665573836
547703149
137755857
409567337
725288856
701629898
777647759
6038084
222114217
699322054
977978109
275994958
282185940
218498760
184799681
726333778
633465769
236239746
879187292
250692069
963184655
932985754
338074672
432302290
96287858
873065779
651040675
715339100
562998122
946901380
501778211
304150614
418053645
537960680
911888443
220642377
422367802
2797574
281863371
799521911
907037288
155160438
41931150
695545876
869503635
741570584
728222532
726479949
348871098
626830061
539780390
278291267
259403877
16124557
266980778
480339173
491809158
323345343
499672979
503048976
994479752
663713264
359460326
554267726
610542852
541865563
420404372
288315167
516493795
748504512
997487828
999071739
798740506
951187560
443082747
224996318
612921771
803020091
832831609
241915448
40063019
603375326
3412619
189437485
697266277
629392508
259585075
768204782
507344981
287955337
707483190
34302342
272946388
895281780
702831381
197823370
423560720
259362570
571192190
555235616
959381687
428576554
158156991
85619710
993918626
867297640
500455567
628886272
764886442
780224508
143366510
81158441
175482658
236072492
645404341
622717960
375932671
990247931
221932718
826905235
558714961
819817913
29212444
660783866
995494650
473590219
232910173
54527853
770291612
890418314
833034001
350269283
235423236
901088203
835341164
902119221
328344570
582426121
596249251
277150595
813131095
836935661
687996619
241064469
359394064
43414531
829559091
967856085
566248606
892114736
667249793
379556246
253074247
710940870
652586759
460910764
352829654
339989078
574871350
633342453
553621113
337901817
919682576
512581920
184199282
132860116
479771191
66277778
50595833
350927802
901401563
655755580
43613430
886647504
860008901
124942798
241308401
574103608
608892188
823346764
913658441
779187303
999130549
25914185
388624724
521331849
758712560
562813215
560175035
772551708
248196265
831461868
875118318
939838858
217483520
164317259
793934077
412287914
639199713
32360438
230963643
314170289
257026471
933505656
253938583
392179425
839856931
553456454
673030659
364596976
189415186
483836086
381155225
546183507
463339712
134698674
698124410
530732539
568980017
82315435
112093025
600231013
378973557
13465964
857609975
911083304
156056938
208354550
393890362
136368975
319117117
884870413
621058001
773155974
567570439
236004651
896741137
431996441
350718114
297907306
361429384
639815926
606064451
558064119
457237189
231609553
356515794
428276234
800999285
171628064
333801196
123214376
871402685
45885152
942342476
672977052
128743137
344725463
207902158
162561071
980016980
973974961
187609896
853658445
45095627
934366714
401843787
247784865
569708461
973317508
737622825
344787022
473758746
675279451
399371266
698451407
20646323
581791411
207329461
571458825
829731931
881269587
357273888
146156098
360859114
16885844
307632255
448390556
631150968
232196309
184846626
797509154
791357306
393022541
234390077
304391545
997958816
112793938
84886003
716384243
407166330
943295294
311680174
927393548
89578128
422287899
256959605
506710341
376390649
935592713
770991564
837350394
904498031
686527174
183760950
837621937
263877511
732510626
258910816
104397777
856986846
314274332
834736699
376521571
625432748
293840398
517880960
721346351
722864749
835169869
712740662
515898394
403882710
308295071
529831235
961735139
993095351
409128341
278592780
827533593
127317391
219293102
330259771
514055000
388494197
658011307
219713189
129234104
384674432
165382068
111632458
917091003
183484223
93568362
261301761
837724151
226969440
222209432
432178051
88346197
10962140
73658094
605762726
558691761
818125867
677598965
894997605
966151349
932582957
289175527
533492024
286485922
566326994
288745377
38820052
369392842
832811524
870430966
894555210
478979138
274441475
888815127
597673427
627977544
331560726
874143637
790810253
909238540
982005106
575417539
640502912
885375852
112748164
824312482
64881442
534942931
277550750
51007570
187703242
514319628
983375332
843275802
565364327
862213772
285629828
301535411
117070338
518344340
326011130
88810530
681725977
810031901
83045210
911455784
191315904
643714526
144101010
977079207
255283906
730403715
579558839
277801666
394822106
544231519
196410146
52744608
728967474
394868563
49990311
238596984
236482069
789598106
209973935
594807533
464858958
399478547
841753180
434288904
241362504
101183244
820731763
889868843
218461296
599100755
795136040
669941066
301743682
540351262
136941179
352984935
933897783
341331627
662662212
245911595
485726648
773444043
506331975
368933237
979119340
585090770
657146414
144717329
55734512
635990907
127489479
670651080
601533968
62151571
155668286
61537601
545970434
404217118
793078259
714415833
805187142
303711694
329228078
912199224
446621703
782845060
728410140
446258454
859950718
86642225
808865979
852377882
460473482
779729616
454705784
783472170
732927174
355394017
320830971
659164304
785817797
946246832
686335103
830364797
428741204
86217988
766802544
661608809
606799068
669650131
553533695
912612982
801849478
606369658
964549292
227678913
788158549
603490872
577075562
977992269
531358734
329075234
285515389
160149267
526132409
56921199
611492092
288311342
506875992
161642906
165895492
513368568
966841445
761919354
287575062
429745517
406053789
673697431
183740964
807570095
77752343
393575655
216499738
73234746
915467888
923770519
790416515
819067993
119170149
707851272
922765139
44824553
738540191
829137458
3212216
912530993
424140214
336317793
483234977
639352644
501631758
95863958
569870608
652917132
603129158
633434612
697489748
119746720
382750881
299688348
600709488
954650432
256335629
420863846
458344624
20445017
490407399
20718623
678512172
776541227
885482333
134043039
503026128
567212933
496622644
720476470
18931552
383869625
681161726
766387856
158535327
654359598
288177745
551966116
550231048
719073811
389870425
205590505
970257254
525677962
601591479
516247859
364073071
952690558
714599539
364531363
602489942
541721388
673667148
905103842
868723778
272185950
234565909
219263014
609650925
129945222
775596514
496452073
214096975
921838491
387969607
345610664
173553962
750115784
358434619
444387360
984002493
534374382
691957604
283837407
32587116
22063130
30675972
976812300
38538399
268151402
238388376
386827937
455597420
420773544
402982135
85503137
238948987
868985408
762288878
822812783
340596486
171029301
553571436
186363364
666086044
261534176
701561640
76957222
718973979
882718948
669752848
273400731
234836808
240469989
396538589
453970806
504101223
667770604
40350450
765315114
527739975
166649485
290731900
619273578
856799220
547514053
951723064
43861673
820391807
31146097
226541933
341731947
978460918
98668948
831910802
745480646
374706614
287909364
575066209
795384352
575550288
440817265
330359720
819216442
88168196
867391470
294948401
270387922
950216992
275173894
748685000
348132394
890455725
646061391
837463141
619895496
468301927
20496329
917151152
613423393
286826173
882738939
840177483
770358710
834346505
322026828
235315371
444842695
960307076
852966581
972723108
660594678
519974480
375514673
265268695
88335929
537895600
88743041
379786474
668134708
354740797
217299779
539389647
67722870
747860760
653315154
923236506
283971063
93399751
257887786
384112504
569923506
64256675
867124985
27260134
63922639
419859582
648880624
52982354
43159615
366661906
657785646
473669075
728663008
471278834
381051030
968433274
69569160
818063099
369908723
546388305
689095344
477898039
726871562
663333267
4988590
688613990
144021311
923679801
720574471
539964095
718779375
761410752
98912300
875970042
930273301
286684678
558170897
158508184
823870638
353291871
470389331
549163735
997707619
386933430
300221171
692345645
147336321
136096485
597838953
623396231
297831770
939121063
285073720
853961592
896973731
726784771
618804397
274166769
164990377
926312428
710755796
137639725
665997255
793914873
347043768
97276982
291503353
477182684
595227660
923429263
972182348
137018408
594591734
564682936
572778998
159244262
311963555
274646800
96797306
424407748
84692640
792836573
341061266
221706360
356917723
505562656
976561094
309950245
504885681
2795423
172906299
940768883
288004264
578866680
625232820
562886109
746790707
713742264
384128200
235787264
618897719
938772748
363715433
674232522
204735745
937062307
818223770
312929102
481190534
494500198
162339358
638362857
925224408
825184298
914212953
620048626
608932730
137169441
6051989
647723149
254941964
472313468
950467972
587780636
118100615
636625942
945085052
410325300
951668579
354103832
342193128
478297120
15836250
857231438
16913019
216933276
599517884
487587433
141584318
620747668
586227048
308863149
611589978
589275889
631680229
9327963
87791794
252773453
300385021
578676748
451174399
530273187
487518273
325074599
976227385
621864358
139258936
384369747
986636078
85788751
520734149
334104648
778171218
140241501
867886362
218433263
209172884
17503599
699928410
550511552
244217002
556924704
945811810
489206616
328540070
141778782
639758316
446084110
528288183
317454491
452310086
135790645
794155688
41281808
841527147
692619142
904308394
508925005
621984116
327295989
718435438
223945058
928769660
210120216
28429000
594303152
274459102
133064382
850970652
406669067
869738588
138570534
781153758
668345188
901386652
401159120
59444439
595922502
104419593
775024157
757291763
120157548
227573164
227332830
531854353
238617066
753718395
512137376
79272652
586244482
12739012
672537387
923350818
359277938
898706855
435124506
438460960
248283573
212634443
491501760
834205253
943260129
951287532
157095855
840533664
397911991
806473289
319185987
842005371
963891783
71571198
860399609
822172210
989260642
131360201
760439892
985554762
785671032
867417779
795705246
627065032
338487148
531869148
771064754
356656622
142695084
415460627
606805986
852324903
47218837
868795445
709070159
613027411
670919515
381039818
32157777
796849894
121560500
871557768
68913011
143863012
876934148
452454191
226677972
372426964
99847824
243627114
570345941
243642677
357668013
197342627
89571540
206329264
29685219
199408650
522507217
547901841
542732066
329977903
89965362
1623749
921962498
148484740
247715167
215327182
323562519
474010099
935054565
617765724
187598242
946920117
955677341
959320286
587207544
265709788
95391335
731796010
753843256
532695158
978576660
538282198
21370995
726504391
942001357
239367674
571661071
59565208
492664776
396102412
731043531
984469506
703020496
511859548
769462996
794363859
483103335
937727805
246487047
189273406
730775014
594195792
700578373
622177272
618273421
304136276
151735343
255410888
656177158
986874984
338219244
317125916
332988179
307310555
175838049
639667359
826934845
923007889
567875152
670656035
604384361
563741258
845950344
430336973
780628066
655946604
918189945
495146493
8360950
975391758
847545534
746681131
780689900
898749803
26310547
948411701
555831452
539847161
327883490
2432514
546919274
596293831
493349144
436962288
164958601
445112713
953176195
142309934
679158478
676276633
27080469
47119139
103561235
642036438
222369384
146198372
457570951
873898215
53743862
617627983
170856995
902557059
630106566
172399172
483928120
309664828
414250094
574425752
134842748
135350368
92043087
289511250
700524865
534232767
615336897
222982205
171817252
913104166
141830921
520958602
466913305
782639875
147061322
199194379
413301791
332128846
488291619
749505114
968506647
215477266
352523561
459023775
866227827
488008119
527331320
975117620
859966860
1841419
879690611
909412082
892914393
116758268
102199857
221516132
899295618
567437617
46074400
56594524
452629313
586114839
14441377
747421114
953059514
423981970
533381221
984057311
243955505
514517124
434976462
546432981
690395265
185344396
498320173
791501795
616833581
476529581
177384010
868748005
202440426
980258312
907453107
463412393
472443824
105172027
479942999
701986840
718437147
606738296
691950845
478186050
289369359
439796710
49215060
557073166
402022464
117758632
520554198
343695852
535566399
331344589
522602610
491778090
604892141
276546490
912954077
285470268
814630922
279902985
31850643
335660223
464850452
51228518
950272113
271337999
390775805
709887760
339999719
363909304
734162313
838384307
848410282
934675639
155334227
288689458
389493915
275071254
422692810
654273111
819578307
192652892
739755487
789192387
572396710
650381523
2188449
727905948
844367382
419934010
529233800
509347423
729096852
526544527
288007398
446018998
313585125
271520051
211733353
122378154
551962030
822464253
44924382
218652884
2613705
74863471
178389729
66943070
789998736
725698447
755177381
947658109
336847180
924278857
606857332
120900598
177447925
761605637
999423540
565551176
870864959
242380129
3581663
814603180
261415571
114308309
319640753
36031331
27987890
635397217
398977244
595051368
374539554
3269213
840963013
283991073
533065079
588932721
349296332
218353132
674674561
264209193
254568789
782733216
261630849
377261565
921233135
9338684
782708220
282371016
286549298
477175311
866117712
163969573
929786277
715891856
159130352
993935861
280640763
711453422
592139072
60045024
774462121
456587636
73783131
928033907
752128608
592654457
516208974
602005698
202918830
415890715
994183360
247408246
282749533
710566105
716671560
826453050
330920607
196743025
684554377
474147068
753753052
156305192
320969912
437296968
811277258
579403638
24840185
549781794
6465112
971278002
536136790
912920277
482183805
119213018
432758532
575073433
209495015
473896709
861416179
698697281
287393123
817801506
574546391
688885475
773613721
321023149
442487042
770570928
793588396
345185925
580576151
181911183
600482649
364158569
412356032
670638962
67273359
778514389
746575818
502014305
661791678
667277289
567259256
562617950
42162343
58101994
570937153
960279073
585542657
374601342
662686481
320089599
416432939
979744669
865900183
737734675
639760659
204078012
505043644
829563016
260057058
421014932
582217221
255612690
508605167
300504824
304840960
859832091
493158596
683930983
256642778
328464574
806095796
518263984
798626766
302725986
497854168
792242718
439796056
71716298
758958637
849633468
315971537
563802591
419443338
482447622
306456371
942081636
572478879
85626808
87271412
667344279
802819007
347132199
933170912
182101013
783076035
96038571
595927195
329627414
631172576
408947273
467641335
587232447
474428799
803069831
65912581
265079047
770177751
5375925
982022414
154725248
589274374
126187522
321008820
640561275
405826416
30542151
436394699
755119793
541569968
992689763
371299023
853067671
343531640
122712398
211608664
102761568
886995300
49673071
951121472
860509991
158295939
583817313
475020609
267095648
361419660
680482173
115300801
750642699
937200373
884041895
546412358
738775001
563855674
171707476
124362574
829960216
766031925
296389617
397503796
148938571
742957392
442912872
944015852
430292919
644424653
774446398
267559105
83615429
245287257
937532343
918331177
706033446
685636873
249637752
975972651
772769132
847093778
435658047
868400905
917963131
445360041
760310092
893155714
452135381
493742867
67324134
7740146
820468964
820529993
948574691
795213211
120631516
19821912
233386043
689030186
714838394
630080240
704372698
640681203
502862643
663664707
75036988
341316119
254760049
796510545
941464924
978895884
520133736
374298989
126934933
176430281
937731451
724704873
76386897
225852725
255157864
655765263
550986184
344413278
22203210
111221423
338128279
472572034
719589666
968838735
193189672
580443114
975162454
462414390
134607652
613090424
12633154
939019974
409055269
747096267
717720237
397781151
38174618
288754660
625871433
894198890
886964753
985267440
157611487
424689855
297249184
931708144
528299485
242583366
788077661
696912398
46513684
227215590
543907393
701566144
935150938
297833185
820820793
284056321
953492679
561480404
100217259
3328147
769757955
775192812
206029987
587132612
320325656
920766543
816671255
429803829
791822135
242564831
281186846
773288379
63721470
620742933
330520812
424106489
919568810
809899262
843307521
310451157
400959526
912748490
553842583
771397078
58771875
905779314
944992148
667243116
69685440
50285569
252816080
330340467
695981173
342945919
626365170
97686029
541608362
763342064
137395130
92081718
555733874
242180702
95317604
965047209
99826945
434029014
636576230
825289814
41040375
901869937
894573261
688984062
137681852
853668033
667610784
452558281
211995273
997884239
960213615
716257843
15652949
651845490
893864751
586338012
475319301
685398843
691719533
841649824
967506808
887469000
325096659
343107383
398626758
840630288
444186761
24537236
257984711
556223313
573551115
808121727
584789107
100173424
31350703
661987169
86400484
95849794
175277469
416295070
538413326
460070166
576856861
30906569
602100151
285919005
255633683
450933074
955219809
974985701
605412585
385848979
368989026
504013395
546854329
179075052
390119877
115225646
324003289
234154186
811634661
967579495
553126277
851794648
105732326
968195716
193689346
120906586
18248487
401504682
249628932
941513510
724453897
109668449
88106603
626291615
954136765
320809383
805431781
374349251
935239348
751377840
232256738
686064953
978295582
48377956
866086793
991126800
640783813
131025462
674182596
803362416
700043358
974031187
1030323
185955977
618184311
955879352
643049682
611811566
911481451
354025124
573647755
489560794
465136750
610883973
331959066
529194060
800928738
827865006
179275693
666065187
831274864
185523958
940099860
744785599
547974111
681014242
51978970
891602795
584453874
508556584
843809034
406396033
696917528
943717995
931317075
509035721
771321758
462676406
275363229
394658191
228740133
598917726
75375594
141763647
877431776
361392382
790292740
824666352
223150429
844882734
714002024
848827603
602620273
755161569
758783611
281100976
3489012
558680216
664143678
924832849
908359429
790769971
514900617
419207055
316914905
800317166
496049935
344597772
146672282
484514842
976420716
554591925
116244371
436079415
519297975
231648278
173321343
590819144
180704860
737557304
737628708
507961136
928857909
490989805
971393710
483937548
590431805
250602492
344536906
414336570
808202361
287817360
59937049
671387317
619555451
744440363
256509861
974439074
677393844
294382295
471263855
675446675
514657901
430808365
880970506
562454905
830461149
283558179
228425592
877266411
918549863
463906713
834039940
294107534
528578011
789979909
804544231
77466883
87923463
546008379
539315015
517723753
422667497
591878380
511945022
991229462
893420084
150542303
812437974
827819316
867354492
102697493
63091266
824240967
597333042
802079827
955214597
147298306
201422656
178869015
937680070
380286419
448350246
702667554
593556086
592747799
679870105
377621256
18729891
467591172
332763205
3855948
55064386
594328307
626307849
347369140
213091113
771390103
320445194
844015587
113420443
124615310
474513198
358482909
340482917
367880213
224279743
899107016
385401342
90133279
766028143
651602819
761281764
354177279
139563662
508912954
808199798
149619613
488670855
65515105
506537806
827155258
918289195
212026805
140765020
353833901
147709855
998243469
436203340
342141765
118427828
676884795
373725022
939090988
871180393
487143209
866857139
855816207
685470838
426095122
391404562
413822556
398168973
780750794
669481091
623846608
606004626
69027703
937173436
13870425
732514847
598511560
446434651
555529142
811091972
19971765
984336477
444059552
455418407
69827351
175111785
595861404
247425050
55137020
923377361
177575370
351880655
80052237
363572859
432440716
81066167
618216640
786572689
816386310
617425015
26377539
694608425
740667649
269307794
323801983
162273788
653566541
845045515
255393990
104262255
623424244
768363768
12940519
768359292
119191047
579539029
390942046
817440302
274537750
809204418
291312540
522548245
434431823
809975799
293850185
762583212
422007893
222210221
923095935
592348088
872771610
431863673
68166026
172259330
585233242
256675130
483449914
895754776
11686043
879852383
555292356
772904029
714471927
187133885
151012453
428572377
524245319
806004521
346910565
594922924
734498040
213362191
659414248
346017236
334501596
329457897
119987347
715683792
228683812
969694959
944331492
256870912
123944923
817568315
621955738
261595711
611293102
504591929
254865497
924902591
170205276
724244651
622159619
403342798
41656866
570183716
744975114
77414992
82527246
251439843
757825997
990983076
409643329
851215201
437927983
757449803
222290285
757468701
554236144
907419469
491142700
302844299
605225002
733369792
945563491
391154032
319404179
671938542
997454042
110048639
807441289
705319138
604044966
343156547
466391507
548468176
794852731
42207956
176193154
323593596
814171612
321345762
470703387
949621809
9776922
94650412
851082782
465411386
9678920
14357835
904320137
216157217
410532219
675724
555138184
803469601
359039612
543700055
999499744
101764280
984871787
893317004
975881866
952135772
254970872
127689912
753695933
232884738
148983460
964386857
890128301
419861107
508939027
916138144
625289760
880299310
585537294
975930511
554594729
271296007
918241421
309667494
889847544
447165776
68381841
207999940
157948625
36583117
983620540
142899145
576141955
332076607
282602627
911828173
293923813
164792655
602676848
338446892
222485087
443126398
860176695
607963379
701193224
37658182
146688793
9447056
865192948
849882849
941792972
804585967
750144448
997922688
102965733
967704326
249678081
343535418
434579662
513044034
256266133
142337827
815446397
971232712
172730239
476974720
423291294
802632648
362185527
353194044
855139144
877347195
471139458
435690415
612127387
950521638
742031061
150052977
712326356
387964998
179346241
932363224
171237759
158663359
144021232
550794019
442096165
884939663
549360249
23434959
327616039
26497133
212039993
403552637
408033148
944036445
110709463
266001035
612104508
661053714
640304444
520916816
479042652
376910028
910652085
685932754
860875691
619874419
114557503
957325552
562166585
753636387
69971154
301424943
219507085
452715381
81084257
921382523
344053651
905670904
548775142
191116680
190689316
181143315
381296404
987474991
6060720
204386692
823710683
865094934
102611675
225734012
724906119
983539784
932714184
737334183
864476402
461642595
248284879
152894036
666313449
429686344
111432071
608848950
791367075
6651317
297335883
243279294
594091025
870231416
554472560
939383591
985319204
302798757
673586463
659186456
29597608
480983692
240417217
992746178
112251973
317753279
219191971
437971749
617211624
29257299
624830521
475133411
385522316
255077603
455422942
566582003
377201579
203159153
467613713
960704856
564032681
491685116
374155892
987696991
171133975
459559879
369180844
549441802
563985597
546127323
65322945
835088052
335478933
257592237
659325262
232246103
635062707
761261442
834135281
340709669
124940756
487225540
277849409
587860811
390211522
575854053
510932398
773271372
486155157
275134050
50871999
122988244
831924102
923436582
253310266
464003497
508409233
714955690
721718546
215287768
41192415
587951044
125454830
715491737
170131970
94274443
638637803
877283589
785745923
842962
310962093
947197393
15075103
71460436
698544625
125361631
79935758
525045458
281494200
156604248
396232233
621904617
464126287
979347654
556178867
868268305
106496845
799123635
164116113
61212649
640906197
147275878
880095289
265099669
884722957
159502979
770237569
425683717
908499785
43790497
506515719
826271571
695695765
861896932
955729745
442463647
33376826
373106806
190148995
887126719
52364528
457664729
972441365
232156736
975793956
178329891
902120696
889733892
641336214
940694737
527952221
913671195
155137444
835306096
659809432
685691225
603343069
901294263
499349516
45266162
923107672
695768563
671962591
807560843
181531500
261271534
385467209
616675469
801772097
285961238
213644660
879896195
620285707
323668881
428334144
575598852
884264283
17330894
992293729
723403445
109165532
111678524
66455502
136402003
96168598
520294400
221830633
190854808
530808572
533688235
966625402
435290974
491054864
989458432
258330034
774093027
464887471
540733676
611034104
786839024
612911604
666706931
382919428
636289228
332325469
722457589
371070118
641351244
508718412
479549749
188570620
290260061
440616233
637063545
458884458
872543782
288027491
296029205
990502812
125571960
29379542
380987819
88283704
474081004
437546140
563588768
687812339
159381108
347936013
962966205
453121589
988468785
336400740
244465475
444328352
448718698
905576242
100094956
131799335
732928801
927338650
658954105
790756716
362453824
888738474
736222106
386677636
412425136
414351554
88685707
450365040
430422135
626257054
377616099
335097676
701880582
299940094
493602934
730959884
618130460
989304740
168641693
161749715
603395297
544238211
954757122
757925100
395802006
815698998
581059959
665002405
535010373
801279206
79310538
702402376
142732476
825686717
817490553
522111575
597929015
592222819
422082425
559069326
257101138
373651700
779504173
697501250
321120342
194526089
742596826
83921188
482303098
414293692
158690711
230659878
598167199
615428337
766551034
684855622
63007528
413339175
75226637
365375986
777752741
894956312
346144397
17690634
820006179
689907539
657591383
865830589
177922796
983812720
235733421
38890211
909085858
727561229
911527860
948549454
799869736
573730350
850879272
559287112
784960424
119143595
843303809
709016316
35475082
495230573
272263957
55170614
583050842
73296168
264700668
939127871
247101450
495102713
16312887
376097269
479316727
685060477
362446404
651421561
817699354
564163264
859008785
696717811
501125894
698304341
932768177
954409766
879340876
353574687
119106189
820881437
500994036
218750117
491467643
902267670
243893076
66502829
57877912
331088580
113343397
6846687
32116283
886433723
837296933
911608826
819758871
539583409
8191332
267324314
155527932
452681445
721106953
339278901
722496472
132756720
931127800
625321224
690260107
297063671
519706324
453809671
29601642
742001724
503994585
821388891
133484384
815671960
63912316
652937218
813759479
254598791
878570134
938498171
626724002
514163183
489992127
431994153
736030034
585115068
500661572
572694190
311799144
817487406
337560324
268564505
783658203
807058511
237606172
499413443
5694965
599093732
801132499
93070949
703817602
756901973
837363628
801313867
70847721
738825049
205891745
656914086
544272004
800078855
390358049
241811175
845773963
449233283
384979891
985268951
668040659
766039897
271678430
125866669
658074317
377318026
731455618
228889714
740301800
518242125
522157708
567470904
21710059
840422550
593251703
322944465
694307566
304231752
526040836
414050669
353940616
121201076
980354982
748085101
293886492
381594372
776296871
38179573
668379828
935582801
225221730
48694718
267456792
369944024
792785540
261771681
653687431
76278301
842509840
885729964
144758620
238519216
187301861
663354877
432504305
752902322
809274784
714824597
398986134
225706772
746779055
79699835
45011000
581517812
12139577
137584382
109876917
824972205
791453459
451432612
378443963
827777865
801070478
768375028
681271702
817667252
48676576
194791726
387325974
879858318
432296207
175861651
842080443
186072052
727615508
559113073
795584469
674071127
912778685
108444639
187731732
327235098
739676955
21360255
106751021
960850937
985558425
354195586
249642863
377864013
402340501
823465743
957117422
595236049
743417630
697815412
850297579
245346725
440620180
714243952
848154330
316795167
533932562
402208913
259076839
10532630
862740044
539424780
298544051
947162239
170526046
359701418
232193163
450815988
802164747
89816751
925482760
617349091
137115227
641942284
787046528
313578769
405921235
516441530
35760987
739557087
604423037
287319394
427749602
624189978
922719795
251260537
837019165
555994912
866662144
113602600
514884155
741157038
602009573
65263243
63516739
705230539
685131427
473310446
853326332
43996971
811298973
739575390
752988432
389010004
384874005
674623181
382669666
381331271
875101628
573364151
390985758
319543571
347420132
679554724
886591772
64884733
215337427
557642668
645682578
228561318
146789863
230592477
173901107
347696987
280776907
87664489
506459240
375275055
237599061
130927943
572011596
464178604
457256022
152006394
962987345
45541629
910162311
259883220
953271605
924119350
825410032
517941874
327551031
803112309
166227092
576594923
114382483
399053708
839559480
871719276
229256782
617486950
332331337
545430019
733688907
835129061
814394053
82470286
652854435
3387975
426358597
541198043
560200260
620037151
503764132
356695279
694597268
857737093
488565096
456579932
301415948
272878699
465173683
893572564
630340824
619328302
619666703
883671653
391243756
758021372
689650865
528936307
103804754
179746032
757886902
182101523
456591778
6076
576196832
360524511
366130832
61441912
272116193
822601122
637182657
152005559
863742140
152681883
961035618
327858298
234927943
724043953
200829608
359209468
754094600
359252721
858598279
858548428
826417709
340544526
427507055
243505298
820245138
538191186
678959089
954202160
270350194
526168445
611325023
730645945
456997165
640586196
822556711
183498252
989796881
717394696
307642745
584912207
68637689
759308464
852573702
939068508
965480825
527049716
725298794
271584502
86412110
640473254
45798860
380450319
411659909
809826443
593592046
241438205
98097697
155931136
234413241
366266827
150865390
384114902
269486632
712048206
2361545
81346060
506887183
607125088
475149254
550472886
693238559
811151154
1947530
901211799
110655760
941485645
689259464
826983107
658156388
523205630
654633682
662448236
152567753
619829115
447456704
498589450
174966644
242559744
807988032
478865035
621878704
586458252
105270294
533798607
99768324
484360680
30117095
631398370
383867549
495814126
623232415
15118041
316802755
483417042
88007538
714296956
578087032
159421935
652715695
796666121
222546685
900361740
181225061
601019310
571551538
667988190
861317016
347270682
107155079
146207239
79076826
188789409
616853928
396812859
206600694
179946532
206716656
969914113
598190007
822073272
409957900
602439864
934842835
920411723
630345784
339262379
458423774
543933377
94874065
694504164
837354467
562124236
111246663
109094739
105567005
586602253
980720212
615348514
119080394
4962925
291628309
533700629
850303796
563602603
133622429
373730956
562993713
742212160
86255531
916168252
531804301
341679323
740450770
978786914
939935346
613786262
516572383
823603132
252164563
516372497
787490374
197115732
473950455
43596557
927310501
84268684
980612462
21491221
979598612
64024724
363753544
5219061
974001856
160268769
639075804
189971464
808307225
246475563
889682487
604620932
734363418
338076870
757826428
967343028
175052076
654135253
363445379
389096704
334892203
158971220
401543383
33306488
187815220
185266121
775286298
370791082
418759679
607249691
441171148
457304605
550368347
936555574
669779931
963203933
144023159
300333636
264520733
948857303
952999631
538967722
955225992
627994792
192874492
152157583
785508032
93949781
644530151
324103022
876735199
982616836
24054289
309812188
542214700
565484165
16236081
448607559
336519335
242021915
624225327
204205456
228980480
1249379
591431903
43532957
925012230
666030005
676815218
832403038
67211773
899504395
665825069
820739358
128748422
791912406
58584474
854915355
299941630
413360593
566073413
6830214
858055994
954447918
119005221
138777330
818573665
701623338
308737506
635410223
605680427
973952023
768753139
540287111
298034235
866760381
668682922
155689183
165080066
841312422
556145029
148807395
997417752
608573512
517018584
100458776
847226704
960980736
592167728
751009393
141916125
176292259
559433650
465471669
86898627
459093467
865519566
278841505
205545285
930317968
354382893
323700833
354014710
317634077
590899570
714742952
345312762
614221383
673701820
376107939
181066463
811532287
103721456
948265550
783154116
157332446
555852059
786835414
344361123
568062756
588737676
122539983
180920400
791644518
537190401
27482936
183468781
526442552
689741595
302092893
183161681
921395750
530721836
445943663
523844292
793918051
109969918
512001558
646434590
715411354
33450432
683215998
491680827
429785843
345892025
401130035
598201290
126025305
810127479
317313816
717314897
924795236
533387298
809894558
718688963
268766837
578728374
90818167
952636806
714189649
447572696
984221909
900900976
178526575
364804398
426467525
454175558
301662411
328509393
863220746
799663101
826668682
271336438
159225322
245293158
255825472
366608039
878113790